$ANSIBLE_VAULT;1.1;AES256
65303934646230613138373365363062663462623765343463343963353531303134643230633239
3833343538363034646266333239323731646639363763300a613536393762613237616162616533
62643034633437633330353733653463323538653662373766393762393363373166396561353461
3432653432343964640a393431303563383430396132366334386263643535386632366433346632
33393032613766653536623133666537643739623937663461663332653137353135626331323833
39373064353130326538363830393238643935303866333563396430333131393962393737643864
64383562346165386461393030636465393466616466303339346638613466393063636333663139
62626336323063363064313966633062613134393366656531613231656262623662373135313334
31333630613163663831643061633737333765346365396266636132616261343966326430353763
32376166613034633734366531643034646532656364313431326261326637356136303061333634
64386136373133613036333330326561303262666134393136333839636265663964633934613364
32353461383831363936643339626461303463306436343865346534366330343463613531653538
33666535323937343434313366663335613837643163343666363932323331663063343035383965
32343533346263363732346462313461373466656630356633306234303435376335353136393838
66643436333163643463383062313130663930636361333466653539336164303135373830613966
65303563396539393862623862313235393061643239663262363836643731316133323565653039
38666436326439353734663863396235333362303161623234316365656131313763663962383761
38636364663562653037613033346661323266353862356235306663326166656265383032343632
66333635303533356433336635386639373366636339323063666133386630663538646533383262
62613262363266336365663764613762393639343439646638333836663839383338646333306462
32653262646465323232636334353939653065613762353765383938363939633065613063653039
36653166363937313763383131343234633330346632663632326632646239306434316239393062
65343664613039313034366566623766383933633464663261356464303230356431646431313733
35656661353636643039383133626137306461616139643336343262626635396232383733336466
30613839613438326132326362646339323636653736653235333238393832636633396132653035
62653231323838633237396536336536396265363661373335653630346632303362356263336432
64346430343230333034363931386161623937356230323365373163366230306330656539623466
37383439306334383037366535316365633266363631333136363136326666363966303262653961
63373163356238376462613839633437633838303239316132333663336666326335633938616465
33386333363333346630643839666362353733616330663866616164636266646138333939343331
62376365303030653233623939663635653230666564653934366661346566646666633830633962
62343763353562663135356533663137313936326566653066643534653364356331383035656638
61323937316431333234666264626136616634666130663862656365343661313966623662313137
65323630303133653530343534343135303939303863623130313931303363326664663535316539
38393738363432613831643531613130643832383861653334376432393434343436646132336530
64646234643731353161333732666661323666356432643336393834333462333663363662613732
39646261326364633562316262643065336434643835393239356231313438633032326632376262
31393938313063623537313130303437343633633963356662373731323434346266323735656334
32313065323362616537643835643464393138616638666135316332393939613062326231643932
34663137313335366361623336613965366430633162663834653634373062313933656331386566
35356138303531643061643430646262363265316165613431636363656466306236386638346136
32643366383736646562646561313664376634666661313162663637346437376564663862336337
35313465643537653336376533653562633361333065346537323935613566656234343533633263
33386433346239386334623330653536643432663636666665363239303731653334326666326162
33653139323037663466383533373030343464313833323262376564316432663733623232363464
66363363613332353861323234303839376537656635363862323032613061313530356134646261
32376661393435643562383034653265613662343635396335363234353430373266323866633864
35383361336630633036313161303231393932303832616264306130633336346461373062303235
36626264353561653831656161343931363465653738383564663566623633313666393832373639
38633532373164373736333561346132626631316336623733653837626662393039663337623363
34306537336438396637383130323832333736366464633334323037326263373437626439313634
65656539323733383332643038613237366662353664326261326564326436323838333132336365
66663063306237386462396337346135373136333566623435313731353839346536616566313163
65646336653662653834633239613165363339373736366434366537663335363036366630633263
38616132376239386634613930313039643434363338663932313631353365326532626363336365
61616433333531316435363235316539386339653962633737333434343163383036343961643236
61613465303638363133303632383762303738383964626533623835626266313237373464313865
34396333313263373230336435653135383039303231663063396131366337616666666362313838
37346337393734303930633064303838393432323231653437383633383066313239613230366533
32663865356162303664313435646532613130623638623033313537643962383664353161353863
62636364343632653062623431383637313064383861393032343165313330353831633731386163
62333230373339336134376331646639386438616331333766383334376631306363643764646464
32383366653038623362616537623738306162313163663435653264386537373263313735376632
39356666396537343662646531326164323464313835323739626336316466333930653565323062
65346530643266373837316561623865383639633566653739386361656331386664656363313137
31633833373664346633383865633034666638643832636462633266326563346335393738373461
31393035626462616538343365353437346665366664636433313131613839356138626164306564
35353235333566633033663536303065353337313863323664663730663939363633643661386465
34346632633138393364373165376438343433613938643031646131383736646564313835376337
34623364646364303030613166653737386264333334363832353865326139396362613966343838
65393866373439363863646131333765356133633662336666313865656266363835323935386662
62303838613065663036313533346437636233353136643534376564346362316336303431346635
34343161666666666531343131356433393764303733643332363034343335396138366337623937
36623630323038613032646466613363323838376233363731396638653865386566363936383966
35663731393832373265646664643536623238366164373866626536336333656338333238316538
32396230613438656231623163633563616435656362376266396564663934396436626162623864
62336330316432386538643136613766333133663539616563326237626465613437633432343765
36356436366663333633313837333938613636613235636336363735353062356239363963383263
31396437326339333164636634346462613330353961386465383538636533386364336134366337
31633237363962323962386338343038343962316261646334346263366262333166623139613338
34346161356633373535643531353261626339346138386366373863663234623261306338373735
61336132306366626135316233653732356534656133326566626639623463343637653337656339
34383666616238653834343661383932393936366339396439386238373834376462623863323136
30303162333134656633613162326237666561636564316661333339633738323362356436326163
32346664653464353233393634393932393861653761393937626165396266323866386131623831
37346163343730353831323234303436623334353732366536653162636136656631323335353134
37656466396231646462316135316661303832623536343035623234353061346237303934333837
61353564633238313435363237366462653165373838626166336237333061663663306337663433
33623663346233393761373865393762376233323430326330326164373735343832653333626432
62643237386164623138386434396531316366623731356566356561383138376533616639373966
30366639626536313466316662666337393361626161313161623862396566633537346632623730
34373465376339383364323861323830316232376634663637316162616331323165346537393639
63343363663766376264663536373339326338363030386437396163363566323231363235383835
62323965636135663362613431393363656466633631633464326466623235396636386530363364
65363462376333383539393161633264613739303430643564323937393364343662643962643363
61323837626566386133613435303862363134626366366365346566626137383263376338666634
34613538323734666539313661656361316364366336633639383839396461616136613763353566
39643337613966623839363030383361356234376638633461383330656165643262333564336136
34393232363337353534666539613261343832656135343633626633356430386434346365336630
37333532633337366566633535326638626436373762303232646135343236323030626661356336
65363034396366346166353136643736376138643038336136616639353164343530313730303063
33343233383333353862343561323862393163306262356533383535333461313739343534366665
36306234653663643962663530633937313437306365613461663532613236363230333637386137
34613336663765656262363963613362303066666162633162373762303063306463666466663335
39323230643161363439636331626261353730353166383034343065393330646238383137616235
38366336643737363061383762663035336562356365333863666462343265643832313435613232
39363263306263623232633038316662383632306235653232663161303065366263386565656634
36613831333963303663353562323032376536376266326136623431666636666638666264616565
36346237663735663936316566396132393731393230623332313437653663343233623438303433
39663861386633663737383332303035626263376530663266623166383232663831376638653030
38653765616263343338323934306664336637626164643335393961366635633836306666373938
32376666656336316661623931333431656139343938643166656531633562653162326166366535
36636466336664363461396130633535376339313633353363666531643764313662643461623963
34633834326533343030616537393137633662373264623965613737303831633636343965316363
36393531303339383531663530643536366633636231343265613833303766623366666466393633
33646638643034393462353433333134333234363335353830393366386564323233376531633261
36356562396633383365393663356462343261663637353061393230643434636134613666343030
33663737393634393838333135356137366462333566303365323361343566636333383733356335
61636530396132363362636562633565666232653639373930313638383335386630343639636230
39346338323437346666363836303961656365303766373436316437373433326639646236356636
62623962333430363566373761393638653533356538363335643264653865633537653734323631
61613665303533346465656536653333343432303364383433393064616134353762636537643831
31363066373834386432626333366534613730636234663234376630656363663033323835633837
39653965643737396532316663343031353861376236636233353130646438616262326132316131
63663337393237623733323332646163656330313562663438343163613266616536323535323233
33353935363438386231613331653265383064306631643261346637356134663438383532623338
38343461626263363533386431343135613632623335316434356131636231623061633365623465
65353335623835313634663563636432646338643033306331663832613166626566613937363165
33303331316536313633303432383430313430633234333036346562353638663734343236636235
35666162323635306265316633303138636533353164613731333231333632353464393466376137
61303063633337373635353963646462353166313663386565353163663635303063666337383235
36393534353164373037613663613135643330323637633637303230633865333730616235633362
37323933336363336264303635346634323363376536333336353063353533306564313264663430
66656663383335666636386135663565633831393964643237623466643438626230343464663863
33393631613664306631633962376162396266393035613061613634646436656365343534346362
65353639633431313331383036313739663336393031616639316536653231373661346531373630
38356438343063666537616466336230303834313963336437656264646362313664623834356634
36616562333362306462363636343833633435653138396139626132373331613564323933326237
39653031656363353535373232386637626232663331393366323737326237323136326662353234
34616666623336393233343563653838643034663131306235376538613835303839613438613061
34623933663764343339333562626431363532393762623938386131356232643565363830663536
34616334613938333362363965346231636334363937356639623865653830366465616536323335
35343032326538613361343866393862303564356630396230353233633166636139336364646165
63643034356634333732393935323339363931636335663536306132326661373066666239306265
34393266393466656439336130623664343361663531313832353765336234613430383263636133
32396537373234643935366435373337396531343535653739616636333037616562343738626663
37306631303635356166306337376330663936663032353031623639323161326537396164303636
66336337653634323463643561653666633438323435303465636662613132626662383238353935
31396538633736643433653137633936353035376637643764303233663736623232316539653665
37613664663634356539643137393265373763356634306337313466396663663562343934663561
36633735613264393263313531336361663764656432373165326630626139353366363536316566
35656362323932396165396363633031656134653762626565336532313333366632646633626234
38333763623466353266303139396239353066396635303233653165326131373732623433646432
61386530643933303461346466356135336534393963653161306638653864373037363734316132
66636130353961373666363332386465626563313336653433656466613561633865646432356239
36666131643562306332386539303235666662653065666336626336613065383135366231393530
61326565613363356462336431643031643562633638646163366339323834373534373430626239
38373237636534346535656630306563633264663132333264303531333438633839346234616230
33623465363464623361346433616434613233353966656530323262633261636530353531643732
65656331383730343665373332313039306564626534336336666266383235393831623462626438
63313766353863303039633066313736326233393764643337363639623735663937633636666163
30653438303032636461643138303538323239636661353433626164306236313735373134333836
66623836393262396539663634396563353764386164343736393664376366366331316533616166
38636130313437643564613063663136633631613064316332393337636562393164633130313366
33313162383836623430623736333763633734323665626662346664323938383730363739326639
37353535663338303266336332626662666638633436656230316265313138623830653038643161
30313739316463363339333136333861323565616264373935623262383862336438633766656638
34323036366463333362386164383132633937613034363932356364666161366439653435383835
63666562343532666138336534353966393134306634326132323836343735383939303162616262
37353232663732353333303061613835633664613164306231373838323033383638623036356232
31353535353633633666353262646136383739343435363562363661323532343133326165373261
31336239663461616335316135626465613530366532356439343430323264353037313039356331
33346630636132303339656566626161313233393732333466333437313762663464
